15 0.611250 0.683178 0.190000 0.136449
15 0.616875 0.880374 0.151250 0.123364
15 0.312500 0.600935 0.102500 0.091589
15 0.645000 0.541121 0.127500 0.087850
15 0.413750 0.440187 0.072500 0.061682
15 0.321250 0.946729 0.147500 0.095327
15 0.215625 0.497196 0.068750 0.059813
15 0.279375 0.336449 0.063750 0.033645
15 0.876250 0.706542 0.160000 0.085981
15 0.930625 0.530841 0.083750 0.074766
15 0.671250 0.440187 0.100000 0.054206
15 0.181250 0.640187 0.095000 0.080374
15 0.544375 0.325234 0.108750 0.052336
15 0.402500 0.312150 0.060000 0.033645
