15 0.684416 0.668591 0.179221 0.103926
15 0.409091 0.661663 0.150649 0.117783
15 0.495455 0.573903 0.089610 0.071594
15 0.624675 0.363741 0.054545 0.039261
15 0.677273 0.314088 0.094805 0.055427
15 0.535714 0.304850 0.066234 0.018476
15 0.579221 0.243649 0.075325 0.062356
15 0.373377 0.443418 0.048052 0.046189
15 0.058442 0.456120 0.114286 0.080831
15 0.709091 0.847575 0.200000 0.198614
15 0.624026 0.533487 0.053247 0.060046
4 0.609740 0.117783 0.061039 0.073903
4 0.686364 0.109700 0.040260 0.066975
19 0.763636 0.113164 0.023377 0.069284
4 0.473377 0.114319 0.066234 0.076212
4 0.344156 0.123557 0.077922 0.071594
